     0/119     3.18G   0.09613   0.03529         0    0.1314        16       640  0.009613    0.0674  0.004778 0.0006947   0.08562   0.02598         0
     1/119     3.11G   0.08142   0.03783         0    0.1192        26       640   0.01409    0.1373  0.007119  0.001101   0.07782    0.0264         0
     2/119     3.11G   0.07569    0.0386         0    0.1143        19       640   0.01705   0.08211  0.009318  0.001414   0.07641   0.02628         0
     3/119     3.11G   0.07222   0.03909         0    0.1113        39       640     0.021    0.2426   0.01262  0.001895   0.07301     0.026         0
     4/119     3.11G   0.07022   0.03949         0    0.1097        32       640   0.02774    0.1299   0.01405  0.002496   0.07186   0.02613         0
     5/119     3.11G   0.06864    0.0385         0    0.1071        20       640    0.0426    0.2353   0.02441  0.003923   0.07102   0.02545         0
     6/119     3.11G   0.06856   0.03837         0    0.1069        39       640   0.04277    0.2194   0.02358  0.003941   0.06995   0.02541         0
     7/119     3.11G   0.06748   0.03815         0    0.1056        22       640   0.05981    0.1091    0.0272  0.004232   0.07024   0.02531         0
     8/119     3.11G   0.06848   0.03851         0     0.107        27       640   0.04569    0.1618   0.02333  0.003938   0.07121   0.02531         0
     9/119     3.11G     0.068   0.03835         0    0.1064        23       640   0.03742    0.1348   0.01697  0.002824   0.07157   0.02574         0
    10/119     3.11G   0.06745   0.03721         0    0.1047        21       640   0.05145    0.1581   0.02761  0.004675    0.0686   0.02579         0
    11/119     3.11G   0.06665   0.03751         0    0.1042        19       640   0.06316    0.1605   0.02989  0.004875   0.06872   0.02535         0
    12/119     3.11G   0.06859    0.0378         0    0.1064        33       640   0.05345    0.2071   0.03181  0.005426   0.06892   0.02618         0
    13/119     3.11G   0.06718   0.03801         0    0.1052        38       640   0.05744    0.1385   0.03091  0.005567   0.06969   0.02541         0
    14/119     3.12G   0.06699   0.03801         0     0.105        26       640    0.1055    0.1189   0.04757  0.008605   0.06902   0.02515         0
    15/119     3.12G   0.06737   0.03891         0    0.1063        23       640    0.1053    0.1532   0.04476  0.007921   0.06981   0.02513         0
    16/119     3.12G   0.06825   0.03828         0    0.1065        23       640   0.05844   0.09436   0.02328  0.004139   0.07193   0.02567         0
    17/119     3.12G   0.06537   0.03721         0    0.1026        25       640    0.1145    0.1544   0.05806   0.01101   0.06783   0.02511         0
    18/119     3.12G   0.06604    0.0386         0    0.1046        24       640   0.07287    0.1458   0.04276  0.007158   0.07019   0.02531         0
    19/119     3.12G   0.06565   0.03902         0    0.1047        19       640   0.06931    0.1275   0.03651  0.005809   0.07004   0.02502         0
    20/119     3.12G   0.06544   0.03873         0    0.1042        29       640   0.09401    0.1507   0.04484  0.008246   0.06806   0.02516         0
    21/119     3.12G     0.064    0.0379         0    0.1019        26       640      0.06    0.2096   0.03539  0.006448   0.06837   0.02526         0
    22/119     3.12G   0.06557   0.03761         0    0.1032        30       640   0.07513    0.1814   0.04396  0.008523   0.06946   0.02526         0
    23/119     3.12G   0.06492   0.03793         0    0.1029        23       640   0.05662    0.1703   0.03143  0.005743   0.06904   0.02546         0
    24/119     3.12G   0.06511   0.03857         0    0.1037        35       640   0.08225    0.1887   0.04512  0.008062   0.06785   0.02508         0
    25/119     3.12G   0.06436   0.03739         0    0.1018        35       640    0.1016    0.1949   0.05188   0.01081   0.06873   0.02498         0
    26/119     3.12G   0.06448    0.0387         0    0.1032        28       640   0.06021    0.1299   0.03477  0.005415   0.06854    0.0254         0
    27/119     3.12G   0.06339   0.03759         0     0.101        23       640   0.08638    0.1887   0.05172  0.008445   0.06801   0.02525         0
    28/119     3.12G   0.06352   0.03689         0    0.1004        20       640    0.1012    0.1495    0.0514  0.009481   0.06727   0.02552         0
    29/119     3.12G   0.06377   0.03802         0    0.1018        29       640   0.03814    0.1397   0.01885  0.003045   0.07275   0.02566         0
    30/119     3.12G   0.06428   0.03772         0     0.102        15       640    0.1158    0.1863    0.0562   0.01133   0.06835   0.02514         0
    31/119     3.12G   0.06355    0.0379         0    0.1014        21       640    0.0931    0.1728   0.05442   0.01102   0.06612   0.02514         0
    32/119     3.12G   0.06468   0.03787         0    0.1026        29       640   0.06539    0.2745   0.04367  0.008234   0.06603   0.02557         0
    33/119     3.12G   0.06467   0.03959         0    0.1043        20       640   0.08658    0.1814   0.04918   0.01005   0.06857    0.0256         0
    34/119     3.12G   0.06279   0.03761         0    0.1004        28       640    0.1073    0.1826   0.05877   0.01144   0.06682   0.02516         0
    35/119     3.12G   0.06443   0.03884         0    0.1033        17       640    0.1065    0.1912    0.0576    0.0106   0.06704   0.02506         0
    36/119     3.12G   0.06229   0.03801         0    0.1003        19       640   0.06584    0.1789   0.03995  0.006962   0.06786   0.02555         0
    37/119     3.12G   0.06276   0.03924         0     0.102        28       640    0.1115    0.2132   0.06492   0.01207    0.0659   0.02526         0
    38/119     3.12G   0.06239   0.03941         0    0.1018        26       640    0.1079     0.185   0.05626   0.01051   0.06592    0.0252         0
    39/119     3.12G    0.0606   0.03763         0   0.09823        23       640    0.0873    0.1373   0.04988  0.009911   0.06698   0.02522         0
    40/119     3.12G    0.0633   0.03983         0    0.1031        23       640    0.1012    0.2034   0.06511   0.01388   0.06664    0.0255         0
    41/119     3.12G   0.06218   0.03672         0   0.09889        30       640    0.1146     0.174   0.05886    0.0117   0.06578    0.0256         0
    42/119     3.12G   0.06149   0.03815         0   0.09965        30       640   0.09715    0.1667   0.05074  0.009147   0.06606   0.02548         0
    43/119     3.12G   0.06131   0.03872         0       0.1        37       640    0.1217    0.1752   0.05885   0.01158   0.06578    0.0256         0
    44/119     3.12G   0.06107   0.03808         0   0.09914        28       640    0.1085     0.152   0.05462  0.009946   0.06597   0.02558         0
    45/119     3.12G   0.06133   0.03702         0   0.09835        17       640    0.1013    0.1703    0.0573   0.01082   0.06632    0.0256         0
    46/119     3.12G   0.06157   0.03783         0    0.0994        16       640   0.09478    0.1801   0.05412   0.01156   0.06376    0.0256         0
    47/119     3.12G   0.06199   0.03811         0    0.1001        24       640   0.08409    0.2267   0.05653    0.0133   0.06548   0.02564         0
    48/119     3.12G   0.06158   0.03819         0   0.09977        24       640    0.1348    0.1728   0.06993   0.01509   0.06285   0.02533         0
    49/119     3.12G   0.06105   0.03864         0   0.09969        35       640    0.1343    0.1777   0.07051   0.01517   0.06335   0.02514         0
    50/119     3.12G   0.06131   0.03859         0    0.0999        20       640    0.1042    0.1397    0.0495   0.00926   0.06532   0.02557         0
    51/119     3.12G   0.06033   0.03785         0   0.09818        20       640   0.06375     0.152   0.03009  0.005348   0.06936    0.0255         0
    52/119     3.12G    0.0601    0.0383         0   0.09841        34       640    0.1363    0.1998   0.07719    0.0175   0.06507   0.02529         0
    53/119     3.12G   0.05834   0.03833         0   0.09667        33       640    0.1266     0.223   0.07256   0.01494   0.06484   0.02543         0
    54/119     3.12G   0.05951    0.0399         0   0.09941        29       640    0.1173    0.1921   0.07416   0.01813   0.06575   0.02525         0
    55/119     3.12G   0.05848   0.03793         0   0.09641        26       640    0.1116    0.1532   0.06466   0.01508   0.06412   0.02518         0
    56/119     3.12G   0.05944   0.03819         0   0.09763        23       640   0.08647    0.2377   0.05042   0.01033   0.06342   0.02539         0
    57/119     3.12G   0.05859   0.03839         0   0.09698        17       640    0.1064    0.1422   0.05673   0.01176   0.06354    0.0253         0
    58/119     3.12G   0.05799   0.03713         0   0.09511        30       640    0.1041    0.2401   0.06055   0.01222   0.06324   0.02523         0
    59/119     3.12G   0.05829    0.0399         0    0.0982        25       640    0.1082    0.1912   0.05715   0.01178     0.066   0.02527         0
    60/119     3.12G   0.05739   0.03855         0   0.09594        33       640    0.1687    0.1446    0.0793   0.01874   0.06305   0.02522         0
    61/119     3.12G   0.05663   0.03692         0   0.09355        17       640     0.162     0.152   0.07786   0.01821   0.06213   0.02541         0
    62/119     3.12G   0.05759   0.03729         0   0.09489        29       640   0.09887    0.1777   0.05478   0.01142   0.06242   0.02529         0
    63/119     3.12G   0.05706    0.0373         0   0.09436        29       640    0.1537    0.2218   0.09464   0.02441   0.06153   0.02505         0
    64/119     3.12G   0.05668   0.03717         0   0.09385        25       640     0.141    0.1998    0.0833   0.01888   0.06316   0.02502         0
    65/119     3.12G   0.05661   0.03681         0   0.09342        29       640    0.1368    0.2525   0.09047   0.02346   0.06073   0.02507         0
    66/119     3.12G   0.05652   0.03865         0   0.09517        24       640    0.1081    0.2169   0.05878   0.01216    0.0639   0.02496         0
    67/119     3.12G   0.05635   0.03739         0   0.09374        31       640    0.1765    0.3015    0.1319   0.03281   0.06113    0.0249         0
    68/119     3.12G    0.0567    0.0385         0    0.0952        19       640    0.1919    0.2377     0.113   0.03004   0.06168   0.02505         0
    69/119     3.12G   0.05566   0.03809         0   0.09374        24       640    0.1541     0.223   0.09604   0.02367    0.0623   0.02492         0
    70/119     3.12G   0.05585   0.03712         0   0.09297        43       640    0.2602    0.2341    0.1495   0.03929   0.06294   0.02455         0
    71/119     3.12G   0.05524   0.03693         0   0.09218        32       640    0.2434    0.2835    0.1784   0.05137   0.06244   0.02434         0
    72/119     3.12G   0.05496   0.03643         0   0.09138        31       640    0.2025     0.201    0.1243   0.03262   0.06038   0.02499         0
    73/119     3.12G   0.05465   0.03756         0   0.09221        23       640    0.3022    0.2096    0.1691   0.04557   0.05967   0.02424         0
    74/119     3.12G   0.05371   0.03644         0   0.09014        23       640    0.2727     0.278    0.1959    0.0584   0.05897     0.024         0
    75/119     3.12G   0.05326   0.03634         0    0.0896        18       640    0.3277    0.2966     0.217   0.06339   0.05904   0.02425         0
    76/119     3.12G   0.05392   0.03648         0   0.09039        20       640    0.2813    0.2672    0.1972   0.05747   0.05818   0.02429         0
    77/119     3.12G   0.05198   0.03611         0   0.08808        17       640    0.3145    0.2806    0.2258   0.07266   0.05796   0.02378         0
    78/119     3.12G   0.05181   0.03493         0   0.08674        19       640    0.4155    0.2819    0.2783   0.09191    0.0579   0.02379         0
    79/119     3.12G   0.05243   0.03601         0   0.08844        28       640    0.3348    0.2978    0.2458   0.08413   0.05749   0.02401         0
    80/119     3.12G   0.05044   0.03606         0    0.0865        24       640    0.3107    0.3627    0.2705   0.08929   0.05706   0.02448         0
    81/119     3.12G   0.05165   0.03605         0   0.08769        28       640    0.3599     0.277    0.2452   0.08368   0.05961   0.02401         0
    82/119     3.12G   0.05132    0.0348         0   0.08613        25       640    0.3865      0.31    0.2801   0.09539    0.0569   0.02318         0
    83/119     3.12G   0.04977   0.03526         0   0.08503        29       640     0.448    0.3186    0.3067    0.1117   0.05754   0.02329         0
    84/119     3.12G   0.04888   0.03376         0   0.08264        30       640    0.4613    0.3309    0.3264    0.1141   0.05629   0.02347         0
    85/119     3.12G   0.04989   0.03389         0   0.08378        19       640    0.3915    0.3419    0.3022     0.113   0.05584   0.02335         0
    86/119     3.12G   0.04883   0.03341         0   0.08224        17       640    0.4556    0.3297    0.3092    0.1172   0.05463   0.02341         0
    87/119     3.12G   0.04853   0.03452         0   0.08306        22       640    0.6032    0.3395     0.385    0.1583   0.05441    0.0226         0
    88/119     3.12G   0.04774   0.03323         0   0.08097        29       640    0.6423    0.3235    0.3919    0.1569   0.05512    0.0223         0
    89/119     3.12G   0.04884   0.03369         0   0.08253        33       640    0.5119    0.3897    0.3941    0.1586   0.05434   0.02284         0
    90/119     3.12G   0.04812    0.0339         0   0.08202        28       640    0.5611    0.4252    0.4392    0.1807   0.05325   0.02215         0
    91/119     3.12G   0.04741   0.03351         0   0.08092        28       640    0.5301    0.4596     0.452    0.1946   0.05407   0.02189         0
    92/119     3.12G   0.04587   0.03208         0   0.07794        24       640    0.6164    0.4215    0.4513     0.186   0.05352   0.02207         0
    93/119     3.12G    0.0463   0.03301         0   0.07931        23       640    0.5876    0.4314    0.4597    0.2004   0.05318   0.02201         0
    94/119     3.12G   0.04645   0.03246         0    0.0789        27       640    0.5754    0.4617    0.4785    0.2084   0.05309   0.02179         0
    95/119     3.12G   0.04554   0.03123         0   0.07677        17       640    0.5956       0.5    0.4921    0.2224   0.05242   0.02188         0
    96/119     3.12G   0.04556   0.03119         0   0.07675        26       640    0.5967    0.4216    0.4474    0.1899   0.05245   0.02191         0
    97/119     3.12G   0.04543   0.03211         0   0.07754        24       640    0.6379    0.4664    0.4951    0.2175   0.05108   0.02176         0
    98/119     3.12G   0.04422   0.03111         0   0.07532        34       640    0.7016    0.4581    0.5047    0.2234   0.05339   0.02182         0
    99/119     3.12G   0.04428   0.03189         0   0.07617        23       640    0.5718    0.4473    0.4525    0.1955   0.05357   0.02244         0
   100/119     3.12G   0.04448   0.03123         0   0.07571        34       640    0.7353    0.4669    0.5259    0.2507   0.05183   0.02117         0
   101/119     3.12G   0.04381   0.03093         0   0.07474        30       640    0.7465    0.4975    0.5516    0.2748    0.0504    0.0211         0
   102/119     3.12G   0.04372   0.03083         0   0.07455        18       640     0.694    0.4725    0.5237    0.2436   0.05125   0.02153         0
   103/119     3.12G   0.04344   0.03006         0    0.0735        34       640    0.6531    0.5169     0.538    0.2632   0.05129   0.02109         0
   104/119     3.12G   0.04252   0.02943         0   0.07195        15       640    0.7621     0.473    0.5495    0.2652   0.05042   0.02114         0
   105/119     3.12G   0.04339   0.03035         0   0.07373        32       640    0.7339    0.4936     0.546    0.2716   0.04942   0.02156         0
   106/119     3.12G   0.04232   0.02963         0   0.07195        18       640    0.7768    0.5245    0.5826     0.306   0.04865   0.02044         0
   107/119     3.12G   0.04214   0.03007         0   0.07221        20       640    0.7138    0.5196    0.5582    0.2919   0.04982     0.021         0
   108/119     3.12G   0.04149   0.02962         0   0.07111        25       640    0.8094    0.5049    0.5823      0.31   0.04986   0.02079         0
   109/119     3.12G   0.04163    0.0286         0   0.07024        19       640     0.744    0.5377    0.5827    0.2914   0.05002   0.02055         0
   110/119     3.12G   0.04127   0.02889         0   0.07016        28       640    0.7574    0.5548    0.5979    0.3249   0.05004   0.02006         0
   111/119     3.12G   0.04056   0.02987         0   0.07044        21       640    0.7522    0.5453    0.5879    0.3123   0.04967   0.02081         0
   112/119     3.12G   0.04083   0.02853         0   0.06936        22       640    0.8207    0.5233    0.5937    0.3183   0.04947   0.02054         0
   113/119     3.12G   0.04038   0.02858         0   0.06895        27       640    0.7892     0.546    0.5991    0.3255   0.04906    0.0204         0
   114/119     3.12G   0.04022   0.02806         0   0.06828        29       640    0.8266    0.5392     0.596    0.3265    0.0496   0.02002         0
   115/119     3.12G   0.04103   0.02808         0   0.06912        19       640     0.856    0.5466    0.6063    0.3447   0.04922   0.01984         0
   116/119     3.12G   0.03984   0.02773         0   0.06757        37       640     0.813    0.5647     0.613    0.3466     0.049    0.0198         0
   117/119     3.12G   0.04015   0.02868         0   0.06883        22       640    0.7565    0.5674    0.5883    0.3316   0.04859   0.02063         0
   118/119     3.12G   0.03921   0.02886         0   0.06808        34       640    0.7837    0.5711    0.6119     0.338   0.04879   0.01997         0
   119/119     3.12G   0.03944   0.02793         0   0.06737        21       640    0.8298     0.565    0.6164    0.3594   0.04835   0.01974         0
